100
linear
2.0000000000000000     
   2.1943065760217215     
   2.3944423493240938     
   2.6005821958255382     
   2.8129062377220251     
   3.0316000008754065     
   3.2568545769233905     
   3.4888667902528141     
   3.7278393699821186     
   3.9739811271033036     
   4.2275071369381241     
   4.4886389270679885     
   4.7576046709017490     
   5.0346393870505217     
   5.3199851446837600     
   5.6138912750459946     
   5.9166145893190940     
   6.2284196030203880     
   6.5495787671327212     
   6.8803727061684237     
   7.2210904633751971     
   7.5720297532981728     
   7.9334972219188407     
   8.3058087145981272     
   8.6892895520577902     
   9.0842748146412440     
   9.4911096351022053     
   9.9101495001769919     
   10.341760561204023     
   10.786319954061865     
   11.244216128705441     
   11.715849188588328     
   12.201631240267695     
   12.701986753497447     
   13.217352932124092     
   13.748180096109536     
   14.294932075014543     
   14.858086613286700     
   15.438135787707020     
   16.035586437359957     
   16.650960606502473     
   17.284796000719268     
   17.937646456762568     
   18.610082426487168     
   19.302691475303501     
   20.016078795584324     
   20.750867735473577     
   21.507700343559510     
   22.287237929888015     
   23.090161643806372     
   23.917173069142283     
   24.768994837238274     
   25.646371258377144     
   26.550068972150171     
   27.480877617336400     
   28.439610521878219     
   29.427105413556280     
   30.444225151984693     
   31.491858482565956     
   32.570920813064660     
   33.682355013478315     
   34.827132239904380     
   36.006252783123230     
   37.220746942638655     
   38.471675926939533     
   39.760132780769439     
   41.087243340214236     
   42.454167216442386     
   43.862098808957377     
   45.312268349247816     
   46.805942975746973     
   48.344427841041110     
   49.929067252294061     
   51.561245845884599     
   53.242389797282861     
   54.973968067223076     
   56.757493685261480     
   58.594525071841034     
   60.486667400018000     
   62.435573998040262     
   64.442947794003175     
   66.510542803844999     
   68.640165663982074     
   70.833677209923238     
   73.092994102242670     
   75.420090501331657     
   77.816999792393332     
   80.285816362186864     
   82.828697429074168     
   85.447864927968126     
   88.145607451828894     
   90.924282251405472     
   93.786317294969365     
   96.734213389840150     
   99.770546367557088     
   102.89796933460553     
   106.11921499066540     
   109.43709801640709     
   112.85451753292099     
   116.37445963493037     
   120.00000000000000
