101
linear
  -1.5707963267948966     
  -1.5396914490365818     
  -1.5085865712782669     
  -1.4774816935199522     
  -1.4463768157616375     
  -1.4152719380033227     
  -1.3841670602450078     
  -1.3530621824866931     
  -1.3219573047283784     
  -1.2908524269700634     
  -1.2597475492117487     
  -1.2286426714534340     
  -1.1975377936951190     
  -1.1664329159368043     
  -1.1353280381784896     
  -1.1042231604201749     
  -1.0731182826618602     
  -1.0420134049035452     
  -1.0109085271452305     
 -0.97980364938691566     
 -0.94869877162860095     
 -0.91759389387028611     
 -0.88648901611197140     
 -0.85538413835365656     
 -0.82427926059534173     
 -0.79317438283702701     
 -0.76206950507871218     
 -0.73096462732039746     
 -0.69985974956208263     
 -0.66875487180376791     
 -0.63764999404545308     
 -0.60654511628713836     
 -0.57544023852882353     
 -0.54433536077050881     
 -0.51323048301219387     
 -0.48212560525387915     
 -0.45102072749556443     
 -0.41991584973724971     
 -0.38881097197893477     
 -0.35770609422062005     
 -0.32660121646230533     
 -0.29549633870399039     
 -0.26439146094567567     
 -0.23328658318736095     
 -0.20218170542904623     
 -0.17107682767073129     
 -0.13997194991241657     
 -0.10886707215410185     
  -7.7762194395786910E-002
  -4.6657316637472190E-002
  -1.5552438879157471E-002
   1.5552438879157249E-002
   4.6657316637472190E-002
   7.7762194395786910E-002
  0.10886707215410163     
  0.13997194991241635     
  0.17107682767073129     
  0.20218170542904601     
  0.23328658318736073     
  0.26439146094567567     
  0.29549633870399039     
  0.32660121646230511     
  0.35770609422061983     
  0.38881097197893477     
  0.41991584973724949     
  0.45102072749556443     
  0.48212560525387893     
  0.51323048301219387     
  0.54433536077050881     
  0.57544023852882331     
  0.60654511628713825     
  0.63764999404545275     
  0.66875487180376769     
  0.69985974956208263     
  0.73096462732039713     
  0.76206950507871207     
  0.79317438283702701     
  0.82427926059534151     
  0.85538413835365645     
  0.88648901611197140     
  0.91759389387028589     
  0.94869877162860083     
  0.97980364938691578     
   1.0109085271452303     
   1.0420134049035452     
   1.0731182826618597     
   1.1042231604201747     
   1.1353280381784896     
   1.1664329159368041     
   1.1975377936951190     
   1.2286426714534340     
   1.2597475492117485     
   1.2908524269700634     
   1.3219573047283784     
   1.3530621824866929     
   1.3841670602450078     
   1.4152719380033227     
   1.4463768157616372     
   1.4774816935199522     
   1.5085865712782667     
   1.5396914490365816     
   1.5707963267948966
